2.099487781524658203e-01
1.942026615142822266e-01
2.515621185302734375e-01
2.458262443542480469e-01
2.842776775360107422e-01
3.699338436126708984e-01
3.799223899841308594e-01
4.455280303955078125e-01
4.961452484130859375e-01
5.688970088958740234e-01
6.479575634002685547e-01
1.908130645751953125e-01
1.784503459930419922e-01
2.351746559143066406e-01
2.348339557647705078e-01
2.860441207885742188e-01
3.453705310821533203e-01
3.724691867828369141e-01
4.441251754760742188e-01
4.814913272857666016e-01
5.937206745147705078e-01
6.347844600677490234e-01
